"corre","n","k","X..i.."
"1",0,8,1,0.0276666666666667
"2",0.05,8,1,0.0406666666666667
"3",0.1,8,1,0.0473333333333333
"4",0.15,8,1,0.0303333333333333
"5",0.2,8,1,0.049
"6",0.25,8,1,0.0476666666666667
"7",0.3,8,1,0.0323333333333333
"8",0.35,8,1,0.0503333333333333
"9",0.4,8,1,0.0533333333333333
"10",0.45,8,1,0.0433333333333333
"11",0.5,8,1,0.0603333333333333
"12",0.55,8,1,0.0616666666666667
"13",0.6,8,1,0.044
"14",0.65,8,1,0.0583333333333333
"15",0.7,8,1,0.0753333333333333
"16",0.75,8,1,0.0506666666666667
"17",0.8,8,1,0.0726666666666667
"18",0.85,8,1,0.0913333333333333
"19",0.9,8,1,0.067
"20",0.95,8,1,0.0866666666666667
"21",0,15,1,0.0983333333333333
"22",0.05,15,1,0.0803333333333333
"23",0.1,15,1,0.107333333333333
"24",0.15,15,1,0.124333333333333
"25",0.2,15,1,0.091
"26",0.25,15,1,0.121
"27",0.3,15,1,0.157333333333333
"28",0.35,15,1,0.114666666666667
"29",0.4,15,1,0.151
"30",0.45,15,1,0.189666666666667
"31",0.5,15,1,0.139
"32",0.55,15,1,0.183
"33",0.6,15,1,0.249
"34",0.65,15,1,0.187666666666667
"35",0.7,15,1,0.239
"36",0.75,15,1,0.318333333333333
"37",0.8,15,1,0.217333333333333
"38",0.85,15,1,0.273
"39",0.9,15,1,0.363333333333333
"40",0.95,15,1,0.262333333333333
"41",0,25,1,0.327333333333333
"42",0.05,25,1,0.444666666666667
"43",0.1,25,1,0.327
"44",0.15,25,1,0.402666666666667
"45",0.2,25,1,0.530333333333333
"46",0.25,25,1,0.423666666666667
"47",0.3,25,1,0.496666666666667
"48",0.35,25,1,0.651333333333333
"49",0.4,25,1,0.516
"50",0.45,25,1,0.592666666666667
"51",0.5,25,1,0.763333333333333
"52",0.55,25,1,0.625666666666667
"53",0.6,25,1,0.695
"54",0.65,25,1,0.851666666666667
"55",0.7,25,1,0.779333333333333
"56",0.75,25,1,0.833333333333333
"57",0.8,25,1,0.947666666666667
"58",0.85,25,1,0.924666666666667
"59",0.9,25,1,0.950333333333333
"60",0.95,25,1,0.991333333333333
"61",0,50,1,0.0503333333333333
"62",0.05,50,1,0.0526666666666667
"63",0.1,50,1,0.0533333333333333
"64",0.15,50,1,0.0506666666666667
"65",0.2,50,1,0.0513333333333333
"66",0.25,50,1,0.0506666666666667
"67",0.3,50,1,0.053
"68",0.35,50,1,0.062
"69",0.4,50,1,0.063
"70",0.45,50,1,0.0696666666666667
"71",0.5,50,1,0.075
"72",0.55,50,1,0.0793333333333333
"73",0.6,50,1,0.092
"74",0.65,50,1,0.095
"75",0.7,50,1,0.106333333333333
"76",0.75,50,1,0.126333333333333
"77",0.8,50,1,0.135333333333333
"78",0.85,50,1,0.157
"79",0.9,50,1,0.149
"80",0.95,50,1,0.157333333333333
"81",0,8,2,0.186333333333333
"82",0.05,8,2,0.203333333333333
"83",0.1,8,2,0.211333333333333
"84",0.15,8,2,0.254
"85",0.2,8,2,0.260333333333333
"86",0.25,8,2,0.27
"87",0.3,8,2,0.309
"88",0.35,8,2,0.317333333333333
"89",0.4,8,2,0.334666666666667
"90",0.45,8,2,0.412666666666667
"91",0.5,8,2,0.399666666666667
"92",0.55,8,2,0.412
"93",0.6,8,2,0.495666666666667
"94",0.65,8,2,0.503333333333333
"95",0.7,8,2,0.521333333333333
"96",0.75,8,2,0.604333333333333
"97",0.8,8,2,0.600666666666667
"98",0.85,8,2,0.614666666666667
"99",0.9,8,2,0.699
"100",0.95,8,2,0.699666666666667
"101",0,15,2,0.711333333333333
"102",0.05,15,2,0.799666666666667
"103",0.1,15,2,0.786666666666667
"104",0.15,15,2,0.791666666666667
"105",0.2,15,2,0.871333333333333
"106",0.25,15,2,0.867666666666667
"107",0.3,15,2,0.877333333333333
"108",0.35,15,2,0.936
"109",0.4,15,2,0.938666666666667
"110",0.45,15,2,0.941666666666667
"111",0.5,15,2,0.977
"112",0.55,15,2,0.981333333333333
"113",0.6,15,2,0.983
"114",0.65,15,2,0.996
"115",0.7,15,2,0.994666666666667
"116",0.75,15,2,0.995
"117",0.8,15,2,0.999333333333333
"118",0.85,15,2,1
"119",0.9,15,2,1
"120",0.95,15,2,1
"121",0,25,2,0.0433333333333333
"122",0.05,25,2,0.0463333333333333
"123",0.1,25,2,0.0483333333333333
"124",0.15,25,2,0.0536666666666667
"125",0.2,25,2,0.057
"126",0.25,25,2,0.055
"127",0.3,25,2,0.071
"128",0.35,25,2,0.0716666666666667
"129",0.4,25,2,0.078
"130",0.45,25,2,0.0953333333333333
"131",0.5,25,2,0.105
"132",0.55,25,2,0.113666666666667
"133",0.6,25,2,0.136666666666667
"134",0.65,25,2,0.145333333333333
"135",0.7,25,2,0.154
"136",0.75,25,2,0.194333333333333
"137",0.8,25,2,0.202333333333333
"138",0.85,25,2,0.227
"139",0.9,25,2,0.261666666666667
"140",0.95,25,2,0.267333333333333
"141",0,50,2,0.3
"142",0.05,50,2,0.355666666666667
"143",0.1,50,2,0.372333333333333
"144",0.15,50,2,0.422666666666667
"145",0.2,50,2,0.434333333333333
"146",0.25,50,2,0.453666666666667
"147",0.3,50,2,0.506333333333333
"148",0.35,50,2,0.556333333333333
"149",0.4,50,2,0.573666666666667
"150",0.45,50,2,0.637666666666667
"151",0.5,50,2,0.65
"152",0.55,50,2,0.658666666666667
"153",0.6,50,2,0.731666666666667
"154",0.65,50,2,0.767666666666667
"155",0.7,50,2,0.779666666666667
"156",0.75,50,2,0.841333333333333
"157",0.8,50,2,0.85
"158",0.85,50,2,0.854666666666667
"159",0.9,50,2,0.914333333333333
"160",0.95,50,2,0.921666666666667
"161",0,8,3,0.927
"162",0.05,8,3,0.962666666666667
"163",0.1,8,3,0.958666666666667
"164",0.15,8,3,0.961333333333333
"165",0.2,8,3,0.982
"166",0.25,8,3,0.987666666666667
"167",0.3,8,3,0.991333333333333
"168",0.35,8,3,0.996666666666667
"169",0.4,8,3,0.995333333333333
"170",0.45,8,3,0.995666666666667
"171",0.5,8,3,0.999
"172",0.55,8,3,1
"173",0.6,8,3,0.999666666666667
"174",0.65,8,3,1
"175",0.7,8,3,1
"176",0.75,8,3,1
"177",0.8,8,3,1
"178",0.85,8,3,1
"179",0.9,8,3,1
"180",0.95,8,3,1
"181",0,15,3,0.0526666666666667
"182",0.05,15,3,0.049
"183",0.1,15,3,0.0506666666666667
"184",0.15,15,3,0.0603333333333333
"185",0.2,15,3,0.0573333333333333
"186",0.25,15,3,0.0616666666666667
"187",0.3,15,3,0.0993333333333333
"188",0.35,15,3,0.100333333333333
"189",0.4,15,3,0.107
"190",0.45,15,3,0.160666666666667
"191",0.5,15,3,0.161666666666667
"192",0.55,15,3,0.173
"193",0.6,15,3,0.264666666666667
"194",0.65,15,3,0.265666666666667
"195",0.7,15,3,0.293333333333333
"196",0.75,15,3,0.392
"197",0.8,15,3,0.393666666666667
"198",0.85,15,3,0.425333333333333
"199",0.9,15,3,0.530333333333333
"200",0.95,15,3,0.536
"201",0,25,3,0.577
"202",0.05,25,3,0.662333333333333
"203",0.1,25,3,0.663666666666667
"204",0.15,25,3,0.714333333333333
"205",0.2,25,3,0.770333333333333
"206",0.25,25,3,0.772666666666667
"207",0.3,25,3,0.817333333333333
"208",0.35,25,3,0.877333333333333
"209",0.4,25,3,0.88
"210",0.45,25,3,0.914333333333333
"211",0.5,25,3,0.952
"212",0.55,25,3,0.952
"213",0.6,25,3,0.972666666666667
"214",0.65,25,3,0.980666666666667
"215",0.7,25,3,0.981333333333333
"216",0.75,25,3,0.994
"217",0.8,25,3,0.994
"218",0.85,25,3,0.994666666666667
"219",0.9,25,3,0.997
"220",0.95,25,3,0.998
"221",0,50,3,0.998
"222",0.05,50,3,0.999333333333333
"223",0.1,50,3,0.999666666666667
"224",0.15,50,3,1
"225",0.2,50,3,1
"226",0.25,50,3,1
"227",0.3,50,3,1
"228",0.35,50,3,1
"229",0.4,50,3,1
"230",0.45,50,3,1
"231",0.5,50,3,1
"232",0.55,50,3,1
"233",0.6,50,3,1
"234",0.65,50,3,1
"235",0.7,50,3,1
"236",0.75,50,3,1
"237",0.8,50,3,1
"238",0.85,50,3,1
"239",0.9,50,3,1
"240",0.95,50,3,1
"241",0,8,4,0.032
"242",0.05,8,4,0.0513333333333333
"243",0.1,8,4,0.053
"244",0.15,8,4,0.0316666666666667
"245",0.2,8,4,0.0473333333333333
"246",0.25,8,4,0.045
"247",0.3,8,4,0.03
"248",0.35,8,4,0.044
"249",0.4,8,4,0.053
"250",0.45,8,4,0.032
"251",0.5,8,4,0.0456666666666667
"252",0.55,8,4,0.0656666666666667
"253",0.6,8,4,0.0253333333333333
"254",0.65,8,4,0.0396666666666667
"255",0.7,8,4,0.057
"256",0.75,8,4,0.034
"257",0.8,8,4,0.0473333333333333
"258",0.85,8,4,0.064
"259",0.9,8,4,0.0363333333333333
"260",0.95,8,4,0.0523333333333333
"261",0,15,4,0.0626666666666667
"262",0.05,15,4,0.035
"263",0.1,15,4,0.0476666666666667
"264",0.15,15,4,0.0696666666666667
"265",0.2,15,4,0.0353333333333333
"266",0.25,15,4,0.053
"267",0.3,15,4,0.0733333333333333
"268",0.35,15,4,0.0316666666666667
"269",0.4,15,4,0.0496666666666667
"270",0.45,15,4,0.0793333333333333
"271",0.5,15,4,0.034
"272",0.55,15,4,0.0506666666666667
"273",0.6,15,4,0.0913333333333333
"274",0.65,15,4,0.04
"275",0.7,15,4,0.0523333333333333
"276",0.75,15,4,0.103
"277",0.8,15,4,0.043
"278",0.85,15,4,0.0573333333333333
"279",0.9,15,4,0.114666666666667
"280",0.95,15,4,0.0473333333333333
"281",0,25,4,0.06
"282",0.05,25,4,0.116666666666667
"283",0.1,25,4,0.0476666666666667
"284",0.15,25,4,0.0683333333333333
"285",0.2,25,4,0.151333333333333
"286",0.25,25,4,0.0506666666666667
"287",0.3,25,4,0.068
"288",0.35,25,4,0.17
"289",0.4,25,4,0.0516666666666667
"290",0.45,25,4,0.0706666666666667
"291",0.5,25,4,0.194666666666667
"292",0.55,25,4,0.0636666666666667
"293",0.6,25,4,0.0866666666666667
"294",0.65,25,4,0.227666666666667
"295",0.7,25,4,0.0713333333333333
"296",0.75,25,4,0.0883333333333333
"297",0.8,25,4,0.259
"298",0.85,25,4,0.089
"299",0.9,25,4,0.108666666666667
"300",0.95,25,4,0.3
"301",0,50,4,0.0453333333333333
"302",0.05,50,4,0.0486666666666667
"303",0.1,50,4,0.047
"304",0.15,50,4,0.046
"305",0.2,50,4,0.0486666666666667
"306",0.25,50,4,0.0616666666666667
"307",0.3,50,4,0.0496666666666667
"308",0.35,50,4,0.0536666666666667
"309",0.4,50,4,0.0563333333333333
"310",0.45,50,4,0.0476666666666667
"311",0.5,50,4,0.0526666666666667
"312",0.55,50,4,0.0616666666666667
"313",0.6,50,4,0.0406666666666667
"314",0.65,50,4,0.0446666666666667
"315",0.7,50,4,0.058
"316",0.75,50,4,0.049
"317",0.8,50,4,0.0496666666666667
"318",0.85,50,4,0.0626666666666667
"319",0.9,50,4,0.0466666666666667
"320",0.95,50,4,0.0493333333333333
"321",0,8,5,0.0713333333333333
"322",0.05,8,5,0.052
"323",0.1,8,5,0.055
"324",0.15,8,5,0.0856666666666667
"325",0.2,8,5,0.0563333333333333
"326",0.25,8,5,0.0556666666666667
"327",0.3,8,5,0.0933333333333333
"328",0.35,8,5,0.0523333333333333
"329",0.4,8,5,0.051
"330",0.45,8,5,0.101
"331",0.5,8,5,0.0576666666666667
"332",0.55,8,5,0.0566666666666667
"333",0.6,8,5,0.110666666666667
"334",0.65,8,5,0.0673333333333333
"335",0.7,8,5,0.0666666666666667
"336",0.75,8,5,0.138666666666667
"337",0.8,8,5,0.0656666666666667
"338",0.85,8,5,0.0636666666666667
"339",0.9,8,5,0.148666666666667
"340",0.95,8,5,0.0686666666666667
"341",0,15,5,0.0653333333333333
"342",0.05,15,5,0.162
"343",0.1,15,5,0.0776666666666667
"344",0.15,15,5,0.072
"345",0.2,15,5,0.194
"346",0.25,15,5,0.0776666666666667
"347",0.3,15,5,0.08
"348",0.35,15,5,0.221333333333333
"349",0.4,15,5,0.077
"350",0.45,15,5,0.0786666666666667
"351",0.5,15,5,0.243
"352",0.55,15,5,0.104333333333333
"353",0.6,15,5,0.101666666666667
"354",0.65,15,5,0.282
"355",0.7,15,5,0.106333333333333
"356",0.75,15,5,0.0966666666666667
"357",0.8,15,5,0.319333333333333
"358",0.85,15,5,0.143
"359",0.9,15,5,0.124
"360",0.95,15,5,0.357666666666667
"361",0,25,5,0.0386666666666667
"362",0.05,25,5,0.0413333333333333
"363",0.1,25,5,0.0423333333333333
"364",0.15,25,5,0.0476666666666667
"365",0.2,25,5,0.0503333333333333
"366",0.25,25,5,0.0513333333333333
"367",0.3,25,5,0.0493333333333333
"368",0.35,25,5,0.0513333333333333
"369",0.4,25,5,0.057
"370",0.45,25,5,0.052
"371",0.5,25,5,0.0576666666666667
"372",0.55,25,5,0.0546666666666667
"373",0.6,25,5,0.0513333333333333
"374",0.65,25,5,0.0546666666666667
"375",0.7,25,5,0.0596666666666667
"376",0.75,25,5,0.0436666666666667
"377",0.8,25,5,0.0506666666666667
"378",0.85,25,5,0.065
"379",0.9,25,5,0.0546666666666667
"380",0.95,25,5,0.059
"381",0,50,5,0.0713333333333333
"382",0.05,50,5,0.0543333333333333
"383",0.1,50,5,0.0576666666666667
"384",0.15,50,5,0.093
"385",0.2,50,5,0.0553333333333333
"386",0.25,50,5,0.0563333333333333
"387",0.3,50,5,0.096
"388",0.35,50,5,0.0586666666666667
"389",0.4,50,5,0.0613333333333333
"390",0.45,50,5,0.116666666666667
"391",0.5,50,5,0.0543333333333333
"392",0.55,50,5,0.0553333333333333
"393",0.6,50,5,0.133333333333333
"394",0.65,50,5,0.0646666666666667
"395",0.7,50,5,0.0663333333333333
"396",0.75,50,5,0.154
"397",0.8,50,5,0.0606666666666667
"398",0.85,50,5,0.0586666666666667
"399",0.9,50,5,0.160333333333333
"400",0.95,50,5,0.066
"401",0,8,1,0.0626666666666667
"402",0.05,8,1,0.182333333333333
"403",0.1,8,1,0.072
"404",0.15,8,1,0.0653333333333333
"405",0.2,8,1,0.218666666666667
"406",0.25,8,1,0.0756666666666667
"407",0.3,8,1,0.074
"408",0.35,8,1,0.238666666666667
"409",0.4,8,1,0.091
"410",0.45,8,1,0.0826666666666667
"411",0.5,8,1,0.282
"412",0.55,8,1,0.106666666666667
"413",0.6,8,1,0.0986666666666667
"414",0.65,8,1,0.297333333333333
"415",0.7,8,1,0.112666666666667
"416",0.75,8,1,0.1
"417",0.8,8,1,0.321666666666667
"418",0.85,8,1,0.135666666666667
"419",0.9,8,1,0.114
"420",0.95,8,1,0.342
"421",0,15,1,0.0436666666666667
"422",0.05,15,1,0.0443333333333333
"423",0.1,15,1,0.047
"424",0.15,15,1,0.0486666666666667
"425",0.2,15,1,0.0476666666666667
"426",0.25,15,1,0.055
"427",0.3,15,1,0.0503333333333333
"428",0.35,15,1,0.0503333333333333
"429",0.4,15,1,0.054
"430",0.45,15,1,0.0503333333333333
"431",0.5,15,1,0.051
"432",0.55,15,1,0.054
"433",0.6,15,1,0.049
"434",0.65,15,1,0.0486666666666667
"435",0.7,15,1,0.0616666666666667
"436",0.75,15,1,0.054
"437",0.8,15,1,0.052
"438",0.85,15,1,0.0763333333333333
"439",0.9,15,1,0.0556666666666667
"440",0.95,15,1,0.052
"441",0,25,1,0.078
"442",0.05,25,1,0.059
"443",0.1,25,1,0.0556666666666667
"444",0.15,25,1,0.102666666666667
"445",0.2,25,1,0.0643333333333333
"446",0.25,25,1,0.0563333333333333
"447",0.3,25,1,0.118333333333333
"448",0.35,25,1,0.0633333333333333
"449",0.4,25,1,0.0596666666666667
"450",0.45,25,1,0.132
"451",0.5,25,1,0.0573333333333333
"452",0.55,25,1,0.0546666666666667
"453",0.6,25,1,0.142666666666667
"454",0.65,25,1,0.079
"455",0.7,25,1,0.0726666666666667
"456",0.75,25,1,0.179333333333333
"457",0.8,25,1,0.0703333333333333
"458",0.85,25,1,0.0643333333333333
"459",0.9,25,1,0.19
"460",0.95,25,1,0.0773333333333333
"461",0,50,1,0.0716666666666667
"462",0.05,50,1,0.208333333333333
"463",0.1,50,1,0.0793333333333333
"464",0.15,50,1,0.0743333333333333
"465",0.2,50,1,0.253333333333333
"466",0.25,50,1,0.088
"467",0.3,50,1,0.079
"468",0.35,50,1,0.255333333333333
"469",0.4,50,1,0.096
"470",0.45,50,1,0.0843333333333333
"471",0.5,50,1,0.293666666666667
"472",0.55,50,1,0.116333333333333
"473",0.6,50,1,0.106
"474",0.65,50,1,0.325
"475",0.7,50,1,0.127
"476",0.75,50,1,0.103333333333333
"477",0.8,50,1,0.332333333333333
"478",0.85,50,1,0.157
"479",0.9,50,1,0.119333333333333
"480",0.95,50,1,0.346333333333333
"481",0,8,2,0.0303333333333333
"482",0.05,8,2,0.044
"483",0.1,8,2,0.0506666666666667
"484",0.15,8,2,0.0293333333333333
"485",0.2,8,2,0.044
"486",0.25,8,2,0.0536666666666667
"487",0.3,8,2,0.0333333333333333
"488",0.35,8,2,0.0483333333333333
"489",0.4,8,2,0.0576666666666667
"490",0.45,8,2,0.0376666666666667
"491",0.5,8,2,0.054
"492",0.55,8,2,0.055
"493",0.6,8,2,0.0486666666666667
"494",0.65,8,2,0.062
"495",0.7,8,2,0.0723333333333333
"496",0.75,8,2,0.0573333333333333
"497",0.8,8,2,0.0766666666666667
"498",0.85,8,2,0.0843333333333333
"499",0.9,8,2,0.0666666666666667
"500",0.95,8,2,0.0943333333333333
"501",0,15,2,0.097
"502",0.05,15,2,0.0786666666666667
"503",0.1,15,2,0.107
"504",0.15,15,2,0.106666666666667
"505",0.2,15,2,0.0963333333333333
"506",0.25,15,2,0.128666666666667
"507",0.3,15,2,0.15
"508",0.35,15,2,0.130333333333333
"509",0.4,15,2,0.161
"510",0.45,15,2,0.163666666666667
"511",0.5,15,2,0.155333333333333
"512",0.55,15,2,0.195333333333333
"513",0.6,15,2,0.215666666666667
"514",0.65,15,2,0.166666666666667
"515",0.7,15,2,0.222
"516",0.75,15,2,0.219
"517",0.8,15,2,0.227666666666667
"518",0.85,15,2,0.285333333333333
"519",0.9,15,2,0.283
"520",0.95,15,2,0.255
"521",0,25,2,0.322
"522",0.05,25,2,0.320666666666667
"523",0.1,25,2,0.335666666666667
"524",0.15,25,2,0.408666666666667
"525",0.2,25,2,0.416333333333333
"526",0.25,25,2,0.419
"527",0.3,25,2,0.494333333333333
"528",0.35,25,2,0.483333333333333
"529",0.4,25,2,0.513
"530",0.45,25,2,0.584666666666667
"531",0.5,25,2,0.587666666666667
"532",0.55,25,2,0.638333333333333
"533",0.6,25,2,0.707333333333333
"534",0.65,25,2,0.688333333333333
"535",0.7,25,2,0.771666666666667
"536",0.75,25,2,0.825333333333333
"537",0.8,25,2,0.802333333333333
"538",0.85,25,2,0.905666666666667
"539",0.9,25,2,0.938666666666667
"540",0.95,25,2,0.934
"541",0,50,2,0.0483333333333333
"542",0.05,50,2,0.049
"543",0.1,50,2,0.0513333333333333
"544",0.15,50,2,0.0516666666666667
"545",0.2,50,2,0.062
"546",0.25,50,2,0.05
"547",0.3,50,2,0.056
"548",0.35,50,2,0.0586666666666667
"549",0.4,50,2,0.055
"550",0.45,50,2,0.079
"551",0.5,50,2,0.082
"552",0.55,50,2,0.086
"553",0.6,50,2,0.0903333333333333
"554",0.65,50,2,0.095
"555",0.7,50,2,0.0943333333333333
"556",0.75,50,2,0.124666666666667
"557",0.8,50,2,0.132
"558",0.85,50,2,0.125666666666667
"559",0.9,50,2,0.167333333333333
"560",0.95,50,2,0.176
"561",0,8,3,0.164333333333333
"562",0.05,8,3,0.209
"563",0.1,8,3,0.22
"564",0.15,8,3,0.197333333333333
"565",0.2,8,3,0.273
"566",0.25,8,3,0.284
"567",0.3,8,3,0.238333333333333
"568",0.35,8,3,0.330666666666667
"569",0.4,8,3,0.343666666666667
"570",0.45,8,3,0.302
"571",0.5,8,3,0.419
"572",0.55,8,3,0.433333333333333
"573",0.6,8,3,0.376
"574",0.65,8,3,0.502666666666667
"575",0.7,8,3,0.514666666666667
"576",0.75,8,3,0.454
"577",0.8,8,3,0.589666666666667
"578",0.85,8,3,0.607333333333333
"579",0.9,8,3,0.524333333333333
"580",0.95,8,3,0.686
"581",0,15,3,0.696666666666667
"582",0.05,15,3,0.637
"583",0.1,15,3,0.770666666666667
"584",0.15,15,3,0.781
"585",0.2,15,3,0.721
"586",0.25,15,3,0.862333333333333
"587",0.3,15,3,0.863333333333333
"588",0.35,15,3,0.820333333333333
"589",0.4,15,3,0.939
"590",0.45,15,3,0.942333333333333
"591",0.5,15,3,0.893333333333333
"592",0.55,15,3,0.975666666666667
"593",0.6,15,3,0.977666666666667
"594",0.65,15,3,0.959
"595",0.7,15,3,0.994
"596",0.75,15,3,0.994333333333333
"597",0.8,15,3,0.99
"598",0.85,15,3,0.999333333333333
"599",0.9,15,3,0.999666666666667
"600",0.95,15,3,0.999
"601",0,25,3,0.039
"602",0.05,25,3,0.0426666666666667
"603",0.1,25,3,0.0473333333333333
"604",0.15,25,3,0.0583333333333333
"605",0.2,25,3,0.0626666666666667
"606",0.25,25,3,0.058
"607",0.3,25,3,0.065
"608",0.35,25,3,0.0716666666666667
"609",0.4,25,3,0.0736666666666667
"610",0.45,25,3,0.098
"611",0.5,25,3,0.103
"612",0.55,25,3,0.0886666666666667
"613",0.6,25,3,0.135666666666667
"614",0.65,25,3,0.149
"615",0.7,25,3,0.127333333333333
"616",0.75,25,3,0.191333333333333
"617",0.8,25,3,0.199666666666667
"618",0.85,25,3,0.173333333333333
"619",0.9,25,3,0.271666666666667
"620",0.95,25,3,0.286333333333333
"621",0,50,3,0.235
"622",0.05,50,3,0.355666666666667
"623",0.1,50,3,0.369666666666667
"624",0.15,50,3,0.309666666666667
"625",0.2,50,3,0.461666666666667
"626",0.25,50,3,0.48
"627",0.3,50,3,0.385
"628",0.35,50,3,0.558
"629",0.4,50,3,0.572333333333333
"630",0.45,50,3,0.482
"631",0.5,50,3,0.664666666666667
"632",0.55,50,3,0.677666666666667
"633",0.6,50,3,0.575
"634",0.65,50,3,0.771
"635",0.7,50,3,0.783333333333333
"636",0.75,50,3,0.680666666666667
"637",0.8,50,3,0.843666666666667
"638",0.85,50,3,0.857333333333333
"639",0.9,50,3,0.778
"640",0.95,50,3,0.913
"641",0,8,4,0.919
"642",0.05,8,4,0.856333333333333
"643",0.1,8,4,0.958666666666667
"644",0.15,8,4,0.964
"645",0.2,8,4,0.918333333333333
"646",0.25,8,4,0.987333333333333
"647",0.3,8,4,0.987333333333333
"648",0.35,8,4,0.964666666666667
"649",0.4,8,4,0.997
"650",0.45,8,4,0.997
"651",0.5,8,4,0.986
"652",0.55,8,4,1
"653",0.6,8,4,0.999666666666667
"654",0.65,8,4,0.998
"655",0.7,8,4,1
"656",0.75,8,4,1
"657",0.8,8,4,0.999666666666667
"658",0.85,8,4,1
"659",0.9,8,4,1
"660",0.95,8,4,1
"661",0,15,4,0.0493333333333333
"662",0.05,15,4,0.049
"663",0.1,15,4,0.0523333333333333
"664",0.15,15,4,0.058
"665",0.2,15,4,0.0596666666666667
"666",0.25,15,4,0.054
"667",0.3,15,4,0.102666666666667
"668",0.35,15,4,0.105
"669",0.4,15,4,0.0893333333333333
"670",0.45,15,4,0.164666666666667
"671",0.5,15,4,0.163333333333333
"672",0.55,15,4,0.138666666666667
"673",0.6,15,4,0.275333333333333
"674",0.65,15,4,0.270333333333333
"675",0.7,15,4,0.214333333333333
"676",0.75,15,4,0.376333333333333
"677",0.8,15,4,0.379333333333333
"678",0.85,15,4,0.292
"679",0.9,15,4,0.517666666666667
"680",0.95,15,4,0.518
"681",0,25,4,0.430333333333333
"682",0.05,25,4,0.66
"683",0.1,25,4,0.659
"684",0.15,25,4,0.546
"685",0.2,25,4,0.787
"686",0.25,25,4,0.789666666666667
"687",0.3,25,4,0.667666666666667
"688",0.35,25,4,0.882
"689",0.4,25,4,0.885666666666667
"690",0.45,25,4,0.773666666666667
"691",0.5,25,4,0.946666666666667
"692",0.55,25,4,0.945
"693",0.6,25,4,0.864333333333333
"694",0.65,25,4,0.979666666666667
"695",0.7,25,4,0.979666666666667
"696",0.75,25,4,0.933
"697",0.8,25,4,0.994
"698",0.85,25,4,0.994333333333333
"699",0.9,25,4,0.972666666666667
"700",0.95,25,4,0.999
"701",0,50,4,0.999
"702",0.05,50,4,0.988333333333333
"703",0.1,50,4,1
"704",0.15,50,4,1
"705",0.2,50,4,0.996666666666667
"706",0.25,50,4,1
"707",0.3,50,4,1
"708",0.35,50,4,1
"709",0.4,50,4,1
"710",0.45,50,4,1
"711",0.5,50,4,1
"712",0.55,50,4,1
"713",0.6,50,4,1
"714",0.65,50,4,1
"715",0.7,50,4,1
"716",0.75,50,4,1
"717",0.8,50,4,1
"718",0.85,50,4,1
"719",0.9,50,4,1
"720",0.95,50,4,1
"721",0,8,5,0.0303333333333333
"722",0.05,8,5,0.0456666666666667
"723",0.1,8,5,0.047
"724",0.15,8,5,0.036
"725",0.2,8,5,0.0496666666666667
"726",0.25,8,5,0.0493333333333333
"727",0.3,8,5,0.0276666666666667
"728",0.35,8,5,0.0453333333333333
"729",0.4,8,5,0.0523333333333333
"730",0.45,8,5,0.0313333333333333
"731",0.5,8,5,0.0436666666666667
"732",0.55,8,5,0.0506666666666667
"733",0.6,8,5,0.035
"734",0.65,8,5,0.0466666666666667
"735",0.7,8,5,0.0623333333333333
"736",0.75,8,5,0.029
"737",0.8,8,5,0.0423333333333333
"738",0.85,8,5,0.055
"739",0.9,8,5,0.031
"740",0.95,8,5,0.0456666666666667
"741",0,15,5,0.0706666666666667
"742",0.05,15,5,0.0296666666666667
"743",0.1,15,5,0.0483333333333333
"744",0.15,15,5,0.072
"745",0.2,15,5,0.034
"746",0.25,15,5,0.0496666666666667
"747",0.3,15,5,0.083
"748",0.35,15,5,0.039
"749",0.4,15,5,0.053
"750",0.45,15,5,0.0863333333333333
"751",0.5,15,5,0.0346666666666667
"752",0.55,15,5,0.0486666666666667
"753",0.6,15,5,0.0943333333333333
"754",0.65,15,5,0.038
"755",0.7,15,5,0.0493333333333333
"756",0.75,15,5,0.110666666666667
"757",0.8,15,5,0.0393333333333333
"758",0.85,15,5,0.0583333333333333
"759",0.9,15,5,0.120666666666667
"760",0.95,15,5,0.0416666666666667
"761",0,25,5,0.054
"762",0.05,25,5,0.145666666666667
"763",0.1,25,5,0.048
"764",0.15,25,5,0.0696666666666667
"765",0.2,25,5,0.163666666666667
"766",0.25,25,5,0.047
"767",0.3,25,5,0.0623333333333333
"768",0.35,25,5,0.183
"769",0.4,25,5,0.053
"770",0.45,25,5,0.0763333333333333
"771",0.5,25,5,0.196666666666667
"772",0.55,25,5,0.0616666666666667
"773",0.6,25,5,0.0786666666666667
"774",0.65,25,5,0.241666666666667
"775",0.7,25,5,0.0773333333333333
"776",0.75,25,5,0.0946666666666667
"777",0.8,25,5,0.281333333333333
"778",0.85,25,5,0.0936666666666667
"779",0.9,25,5,0.111333333333333
"780",0.95,25,5,0.346333333333333
"781",0,50,5,0.0506666666666667
"782",0.05,50,5,0.0486666666666667
"783",0.1,50,5,0.052
"784",0.15,50,5,0.0523333333333333
"785",0.2,50,5,0.0563333333333333
"786",0.25,50,5,0.053
"787",0.3,50,5,0.0486666666666667
"788",0.35,50,5,0.0496666666666667
"789",0.4,50,5,0.0546666666666667
"790",0.45,50,5,0.0453333333333333
"791",0.5,50,5,0.0493333333333333
"792",0.55,50,5,0.0573333333333333
"793",0.6,50,5,0.042
"794",0.65,50,5,0.0453333333333333
"795",0.7,50,5,0.06
"796",0.75,50,5,0.0413333333333333
"797",0.8,50,5,0.0433333333333333
"798",0.85,50,5,0.0656666666666667
"799",0.9,50,5,0.0443333333333333
"800",0.95,50,5,0.0506666666666667
"801",0,8,1,0.0766666666666667
"802",0.05,8,1,0.0553333333333333
"803",0.1,8,1,0.0596666666666667
"804",0.15,8,1,0.0906666666666667
"805",0.2,8,1,0.053
"806",0.25,8,1,0.0526666666666667
"807",0.3,8,1,0.101333333333333
"808",0.35,8,1,0.0486666666666667
"809",0.4,8,1,0.0506666666666667
"810",0.45,8,1,0.111333333333333
"811",0.5,8,1,0.057
"812",0.55,8,1,0.0523333333333333
"813",0.6,8,1,0.14
"814",0.65,8,1,0.0556666666666667
"815",0.7,8,1,0.057
"816",0.75,8,1,0.148333333333333
"817",0.8,8,1,0.0616666666666667
"818",0.85,8,1,0.0616666666666667
"819",0.9,8,1,0.185
"820",0.95,8,1,0.0623333333333333
"821",0,15,1,0.064
"822",0.05,15,1,0.203
"823",0.1,15,1,0.0746666666666667
"824",0.15,15,1,0.0746666666666667
"825",0.2,15,1,0.228333333333333
"826",0.25,15,1,0.084
"827",0.3,15,1,0.0756666666666667
"828",0.35,15,1,0.264
"829",0.4,15,1,0.0893333333333333
"830",0.45,15,1,0.0823333333333333
"831",0.5,15,1,0.308333333333333
"832",0.55,15,1,0.0863333333333333
"833",0.6,15,1,0.0826666666666667
"834",0.65,15,1,0.346
"835",0.7,15,1,0.104666666666667
"836",0.75,15,1,0.0866666666666667
"837",0.8,15,1,0.402
"838",0.85,15,1,0.142666666666667
"839",0.9,15,1,0.123333333333333
"840",0.95,15,1,0.451666666666667
"841",0,25,1,0.045
"842",0.05,25,1,0.0503333333333333
"843",0.1,25,1,0.0533333333333333
"844",0.15,25,1,0.0413333333333333
"845",0.2,25,1,0.046
"846",0.25,25,1,0.048
"847",0.3,25,1,0.045
"848",0.35,25,1,0.046
"849",0.4,25,1,0.053
"850",0.45,25,1,0.05
"851",0.5,25,1,0.0516666666666667
"852",0.55,25,1,0.0573333333333333
"853",0.6,25,1,0.05
"854",0.65,25,1,0.0516666666666667
"855",0.7,25,1,0.0623333333333333
"856",0.75,25,1,0.0466666666666667
"857",0.8,25,1,0.0483333333333333
"858",0.85,25,1,0.0716666666666667
"859",0.9,25,1,0.048
"860",0.95,25,1,0.0526666666666667
"861",0,50,1,0.0876666666666667
"862",0.05,50,1,0.0526666666666667
"863",0.1,50,1,0.054
"864",0.15,50,1,0.101666666666667
"865",0.2,50,1,0.0513333333333333
"866",0.25,50,1,0.053
"867",0.3,50,1,0.114666666666667
"868",0.35,50,1,0.058
"869",0.4,50,1,0.058
"870",0.45,50,1,0.127666666666667
"871",0.5,50,1,0.0643333333333333
"872",0.55,50,1,0.0633333333333333
"873",0.6,50,1,0.162
"874",0.65,50,1,0.06
"875",0.7,50,1,0.061
"876",0.75,50,1,0.180333333333333
"877",0.8,50,1,0.062
"878",0.85,50,1,0.0633333333333333
"879",0.9,50,1,0.220666666666667
"880",0.95,50,1,0.063
"881",0,8,2,0.0626666666666667
"882",0.05,8,2,0.235666666666667
"883",0.1,8,2,0.079
"884",0.15,8,2,0.077
"885",0.2,8,2,0.283666666666667
"886",0.25,8,2,0.088
"887",0.3,8,2,0.0816666666666667
"888",0.35,8,2,0.315666666666667
"889",0.4,8,2,0.089
"890",0.45,8,2,0.08
"891",0.5,8,2,0.349666666666667
"892",0.55,8,2,0.0976666666666667
"893",0.6,8,2,0.0923333333333333
"894",0.65,8,2,0.397333333333333
"895",0.7,8,2,0.108
"896",0.75,8,2,0.093
"897",0.8,8,2,0.420666666666667
"898",0.85,8,2,0.141333333333333
"899",0.9,8,2,0.121
"900",0.95,8,2,0.479
"901",0,15,2,0.0553333333333333
"902",0.05,15,2,0.0563333333333333
"903",0.1,15,2,0.0476666666666667
"904",0.15,15,2,0.0456666666666667
"905",0.2,15,2,0.0466666666666667
"906",0.25,15,2,0.0496666666666667
"907",0.3,15,2,0.049
"908",0.35,15,2,0.049
"909",0.4,15,2,0.0563333333333333
"910",0.45,15,2,0.0543333333333333
"911",0.5,15,2,0.051
"912",0.55,15,2,0.0563333333333333
"913",0.6,15,2,0.051
"914",0.65,15,2,0.0506666666666667
"915",0.7,15,2,0.0703333333333333
"916",0.75,15,2,0.057
"917",0.8,15,2,0.0573333333333333
"918",0.85,15,2,0.0833333333333333
"919",0.9,15,2,0.052
"920",0.95,15,2,0.0526666666666667
"921",0,25,2,0.0976666666666667
"922",0.05,25,2,0.05
"923",0.1,25,2,0.0466666666666667
"924",0.15,25,2,0.108333333333333
"925",0.2,25,2,0.0616666666666667
"926",0.25,25,2,0.0576666666666667
"927",0.3,25,2,0.123666666666667
"928",0.35,25,2,0.0636666666666667
"929",0.4,25,2,0.0626666666666667
"930",0.45,25,2,0.159
"931",0.5,25,2,0.0653333333333333
"932",0.55,25,2,0.06
"933",0.6,25,2,0.187333333333333
"934",0.65,25,2,0.0716666666666667
"935",0.7,25,2,0.0636666666666667
"936",0.75,25,2,0.216333333333333
"937",0.8,25,2,0.0776666666666667
"938",0.85,25,2,0.0696666666666667
"939",0.9,25,2,0.246666666666667
"940",0.95,25,2,0.076
"941",0,50,2,0.0723333333333333
"942",0.05,50,2,0.283
"943",0.1,50,2,0.0853333333333333
"944",0.15,50,2,0.078
"945",0.2,50,2,0.331666666666667
"946",0.25,50,2,0.091
"947",0.3,50,2,0.0773333333333333
"948",0.35,50,2,0.352333333333333
"949",0.4,50,2,0.100666666666667
"950",0.45,50,2,0.0893333333333333
"951",0.5,50,2,0.404333333333333
"952",0.55,50,2,0.108666666666667
"953",0.6,50,2,0.0906666666666667
"954",0.65,50,2,0.433333333333333
"955",0.7,50,2,0.13
"956",0.75,50,2,0.103
"957",0.8,50,2,0.448333333333333
"958",0.85,50,2,0.152666666666667
"959",0.9,50,2,0.12
"960",0.95,50,2,0.485333333333333
"961",0,8,3,0.0306666666666667
"962",0.05,8,3,0.0456666666666667
"963",0.1,8,3,0.044
"964",0.15,8,3,0.0333333333333333
"965",0.2,8,3,0.0453333333333333
"966",0.25,8,3,0.0526666666666667
"967",0.3,8,3,0.039
"968",0.35,8,3,0.0526666666666667
"969",0.4,8,3,0.052
"970",0.45,8,3,0.044
"971",0.5,8,3,0.06
"972",0.55,8,3,0.0633333333333333
"973",0.6,8,3,0.0443333333333333
"974",0.65,8,3,0.064
"975",0.7,8,3,0.0663333333333333
"976",0.75,8,3,0.055
"977",0.8,8,3,0.0756666666666667
"978",0.85,8,3,0.0743333333333333
"979",0.9,8,3,0.0603333333333333
"980",0.95,8,3,0.088
"981",0,15,3,0.089
"982",0.05,15,3,0.0896666666666667
"983",0.1,15,3,0.122
"984",0.15,15,3,0.101
"985",0.2,15,3,0.0946666666666667
"986",0.25,15,3,0.122666666666667
"987",0.3,15,3,0.109333333333333
"988",0.35,15,3,0.120333333333333
"989",0.4,15,3,0.16
"990",0.45,15,3,0.140333333333333
"991",0.5,15,3,0.145666666666667
"992",0.55,15,3,0.195666666666667
"993",0.6,15,3,0.167333333333333
"994",0.65,15,3,0.164666666666667
"995",0.7,15,3,0.217
"996",0.75,15,3,0.184666666666667
"997",0.8,15,3,0.227
"998",0.85,15,3,0.282666666666667
"999",0.9,15,3,0.218
"1000",0.95,15,3,0.262666666666667
"1001",0,25,3,0.320333333333333
"1002",0.05,25,3,0.258
"1003",0.1,25,3,0.340666666666667
"1004",0.15,25,3,0.416
"1005",0.2,25,3,0.312666666666667
"1006",0.25,25,3,0.408666666666667
"1007",0.3,25,3,0.481666666666667
"1008",0.35,25,3,0.375666666666667
"1009",0.4,25,3,0.507333333333333
"1010",0.45,25,3,0.582666666666667
"1011",0.5,25,3,0.433666666666667
"1012",0.55,25,3,0.632666666666667
"1013",0.6,25,3,0.694333333333333
"1014",0.65,25,3,0.527666666666667
"1015",0.7,25,3,0.772
"1016",0.75,25,3,0.817666666666667
"1017",0.8,25,3,0.629333333333333
"1018",0.85,25,3,0.915
"1019",0.9,25,3,0.944
"1020",0.95,25,3,0.755333333333333
"1021",0,50,3,0.0496666666666667
"1022",0.05,50,3,0.0526666666666667
"1023",0.1,50,3,0.055
"1024",0.15,50,3,0.048
"1025",0.2,50,3,0.047
"1026",0.25,50,3,0.047
"1027",0.3,50,3,0.048
"1028",0.35,50,3,0.0493333333333333
"1029",0.4,50,3,0.0626666666666667
"1030",0.45,50,3,0.065
"1031",0.5,50,3,0.065
"1032",0.55,50,3,0.0666666666666667
"1033",0.6,50,3,0.100333333333333
"1034",0.65,50,3,0.109333333333333
"1035",0.7,50,3,0.082
"1036",0.75,50,3,0.118666666666667
"1037",0.8,50,3,0.125
"1038",0.85,50,3,0.0966666666666667
"1039",0.9,50,3,0.162
"1040",0.95,50,3,0.166
"1041",0,8,4,0.132
"1042",0.05,8,4,0.200666666666667
"1043",0.1,8,4,0.211666666666667
"1044",0.15,8,4,0.151
"1045",0.2,8,4,0.251
"1046",0.25,8,4,0.259666666666667
"1047",0.3,8,4,0.190666666666667
"1048",0.35,8,4,0.335333333333333
"1049",0.4,8,4,0.347
"1050",0.45,8,4,0.228666666666667
"1051",0.5,8,4,0.418666666666667
"1052",0.55,8,4,0.428666666666667
"1053",0.6,8,4,0.291
"1054",0.65,8,4,0.506333333333333
"1055",0.7,8,4,0.516333333333333
"1056",0.75,8,4,0.343
"1057",0.8,8,4,0.599
"1058",0.85,8,4,0.605
"1059",0.9,8,4,0.405333333333333
"1060",0.95,8,4,0.695666666666667
"1061",0,15,4,0.712333333333333
"1062",0.05,15,4,0.481
"1063",0.1,15,4,0.790333333333333
"1064",0.15,15,4,0.798666666666667
"1065",0.2,15,4,0.575
"1066",0.25,15,4,0.875
"1067",0.3,15,4,0.88
"1068",0.35,15,4,0.671
"1069",0.4,15,4,0.939333333333333
"1070",0.45,15,4,0.939333333333333
"1071",0.5,15,4,0.764
"1072",0.55,15,4,0.972666666666667
"1073",0.6,15,4,0.973
"1074",0.65,15,4,0.847666666666667
"1075",0.7,15,4,0.996
"1076",0.75,15,4,0.996333333333333
"1077",0.8,15,4,0.927666666666667
"1078",0.85,15,4,0.999333333333333
"1079",0.9,15,4,0.999666666666667
"1080",0.95,15,4,0.985
"1081",0,25,4,0.0433333333333333
"1082",0.05,25,4,0.0476666666666667
"1083",0.1,25,4,0.0496666666666667
"1084",0.15,25,4,0.0526666666666667
"1085",0.2,25,4,0.053
"1086",0.25,25,4,0.0596666666666667
"1087",0.3,25,4,0.072
"1088",0.35,25,4,0.0736666666666667
"1089",0.4,25,4,0.0596666666666667
"1090",0.45,25,4,0.09
"1091",0.5,25,4,0.0916666666666667
"1092",0.55,25,4,0.0806666666666667
"1093",0.6,25,4,0.141
"1094",0.65,25,4,0.149333333333333
"1095",0.7,25,4,0.096
"1096",0.75,25,4,0.201
"1097",0.8,25,4,0.21
"1098",0.85,25,4,0.134
"1099",0.9,25,4,0.257333333333333
"1100",0.95,25,4,0.271
"1101",0,50,4,0.181333333333333
"1102",0.05,50,4,0.356666666666667
"1103",0.1,50,4,0.369333333333333
"1104",0.15,50,4,0.222
"1105",0.2,50,4,0.443333333333333
"1106",0.25,50,4,0.460333333333333
"1107",0.3,50,4,0.286666666666667
"1108",0.35,50,4,0.548
"1109",0.4,50,4,0.564333333333333
"1110",0.45,50,4,0.347666666666667
"1111",0.5,50,4,0.681666666666667
"1112",0.55,50,4,0.688666666666667
"1113",0.6,50,4,0.433333333333333
"1114",0.65,50,4,0.770666666666667
"1115",0.7,50,4,0.783333333333333
"1116",0.75,50,4,0.502666666666667
"1117",0.8,50,4,0.858
"1118",0.85,50,4,0.866
"1119",0.9,50,4,0.605333333333333
"1120",0.95,50,4,0.918666666666667
"1121",0,8,5,0.922666666666667
"1122",0.05,8,5,0.690666666666667
"1123",0.1,8,5,0.967
"1124",0.15,8,5,0.970666666666667
"1125",0.2,8,5,0.781333333333333
"1126",0.25,8,5,0.988
"1127",0.3,8,5,0.988666666666667
"1128",0.35,8,5,0.86
"1129",0.4,8,5,0.996666666666667
"1130",0.45,8,5,0.997
"1131",0.5,8,5,0.93
"1132",0.55,8,5,0.999666666666667
"1133",0.6,8,5,0.999666666666667
"1134",0.65,8,5,0.965666666666667
"1135",0.7,8,5,1
"1136",0.75,8,5,1
"1137",0.8,8,5,0.992333333333333
"1138",0.85,8,5,1
"1139",0.9,8,5,1
"1140",0.95,8,5,1
"1141",0,15,5,0.0446666666666667
"1142",0.05,15,5,0.046
"1143",0.1,15,5,0.0483333333333333
"1144",0.15,15,5,0.061
"1145",0.2,15,5,0.061
"1146",0.25,15,5,0.0476666666666667
"1147",0.3,15,5,0.1
"1148",0.35,15,5,0.102666666666667
"1149",0.4,15,5,0.0726666666666667
"1150",0.45,15,5,0.168333333333333
"1151",0.5,15,5,0.168
"1152",0.55,15,5,0.107
"1153",0.6,15,5,0.267333333333333
"1154",0.65,15,5,0.267333333333333
"1155",0.7,15,5,0.144666666666667
"1156",0.75,15,5,0.377
"1157",0.8,15,5,0.379333333333333
"1158",0.85,15,5,0.202
"1159",0.9,15,5,0.523333333333333
"1160",0.95,15,5,0.529666666666667
"1161",0,25,5,0.282666666666667
"1162",0.05,25,5,0.665
"1163",0.1,25,5,0.667333333333333
"1164",0.15,25,5,0.376666666666667
"1165",0.2,25,5,0.786666666666667
"1166",0.25,25,5,0.784666666666667
"1167",0.3,25,5,0.462333333333333
"1168",0.35,25,5,0.897
"1169",0.4,25,5,0.897666666666667
"1170",0.45,25,5,0.575666666666667
"1171",0.5,25,5,0.941
"1172",0.55,25,5,0.946
"1173",0.6,25,5,0.673333333333333
"1174",0.65,25,5,0.979
"1175",0.7,25,5,0.979
"1176",0.75,25,5,0.766
"1177",0.8,25,5,0.992666666666667
"1178",0.85,25,5,0.993333333333333
"1179",0.9,25,5,0.838
"1180",0.95,25,5,0.999333333333333
"1181",0,50,5,0.999333333333333
"1182",0.05,50,5,0.9
"1183",0.1,50,5,1
"1184",0.15,50,5,1
"1185",0.2,50,5,0.953
"1186",0.25,50,5,1
"1187",0.3,50,5,1
"1188",0.35,50,5,0.98
"1189",0.4,50,5,1
"1190",0.45,50,5,1
"1191",0.5,50,5,0.996666666666667
"1192",0.55,50,5,1
"1193",0.6,50,5,1
"1194",0.65,50,5,0.998
"1195",0.7,50,5,1
"1196",0.75,50,5,1
"1197",0.8,50,5,1
"1198",0.85,50,5,1
"1199",0.9,50,5,1
"1200",0.95,50,5,1
